              precision    recall  f1-score   support

           0       0.97      0.96      0.96        67
           1       0.89      0.91      0.90        55
           2       0.75      0.82      0.78        33
           3       0.92      0.92      0.92        53
           4       0.95      0.95      0.95        43
           5       0.83      0.82      0.82        60
           6       0.92      0.92      0.92        39
           7       0.98      0.98      0.98        48
           8       0.85      0.98      0.91        84
           9       0.93      0.89      0.91        45
          10       0.81      0.86      0.83        64
          11       0.90      0.90      0.90        31
          12       0.84      0.94      0.88        65
          13       0.89      0.86      0.87        63
          14       0.91      0.94      0.93        72
          15       0.93      0.98      0.96        56
          16       0.90      0.88      0.89        42
          17       0.83      0.80      0.82        50
          18       0.93      0.81      0.87        32
          19       0.76      0.76      0.76        68
          20       0.94      0.93      0.93        54
          21       0.70      0.84      0.77        83
          22       0.96      0.94      0.95        53
          23       0.66      0.43      0.52        63
          24       0.91      0.89      0.90        83
          25       0.88      0.93      0.91        46
          26       0.97      0.95      0.96        37
          27       0.82      0.89      0.85        35
          28       0.82      0.91      0.86        45
          29       0.73      0.73      0.73        51
          30       0.78      0.68      0.73        57
          31       0.68      0.66      0.67        35
          32       0.72      0.74      0.73        46
          33       1.00      0.94      0.97        35
          34       1.00      0.94      0.97        31
          35       0.96      0.96      0.96        74
          36       0.98      0.87      0.92        69
          37       0.98      0.86      0.92        57
          38       0.94      0.85      0.89        34
          39       0.83      0.70      0.76        43
          40       0.95      0.91      0.93        45
          41       0.95      1.00      0.97        38
          42       0.70      0.94      0.80        34
          43       0.90      0.87      0.89        31
          44       0.86      0.76      0.81        41
          45       0.92      0.89      0.91        54
          46       0.92      0.91      0.91        65
          47       0.92      0.75      0.83        48
          48       0.93      0.87      0.90        31
          49       0.71      0.78      0.74        45
          50       0.96      0.89      0.92        55
          51       0.98      0.98      0.98        48
          52       0.94      0.94      0.94        67
          53       0.63      0.80      0.71        15
          54       0.91      0.98      0.94        50
          55       0.94      0.84      0.89        38
          56       0.98      0.92      0.95        65
          57       0.86      0.95      0.90        38
          58       0.92      0.90      0.91        39
          59       0.90      0.92      0.91        61
          60       0.85      0.85      0.85        52
          61       0.96      0.87      0.91        30
          62       0.93      0.89      0.91        45
          63       0.88      0.90      0.89        51
          64       0.70      0.61      0.65        49
          65       0.91      0.86      0.88        35
          66       0.98      0.89      0.93        62
          67       0.88      0.95      0.91        60
          68       0.91      0.96      0.94        53
          69       0.88      0.75      0.81        51
          70       0.84      0.84      0.84        58
          71       0.89      0.96      0.92        50
          72       0.93      1.00      0.96        54
          73       1.00      0.91      0.96        47
          74       0.76      0.89      0.82        44
          75       0.85      0.87      0.86        46
          76       0.86      0.87      0.87        71
          77       0.94      0.83      0.88        53
          78       0.94      0.86      0.90        58
          79       0.96      0.92      0.94        53
          80       0.91      0.84      0.87        37
          81       0.86      0.91      0.88        53
          82       0.84      0.82      0.83        57
          83       0.74      0.74      0.74        31
          84       0.98      0.83      0.90        54
          85       0.86      0.96      0.91        52
          86       0.93      0.98      0.95        43
          87       0.80      0.92      0.85        60
          88       0.96      0.96      0.96        52
          89       0.96      0.96      0.96        81
          90       0.92      0.97      0.94        59
          91       0.96      0.98      0.97        48
          92       0.84      0.82      0.83        57
          93       0.59      0.74      0.66        35
          94       0.89      0.97      0.93        59
          95       0.89      0.90      0.89        61
          96       0.90      0.91      0.90        67
          97       0.81      0.83      0.82        47
          98       0.88      0.99      0.93        73
          99       0.81      0.85      0.83        61
         100       0.86      0.78      0.82        49
         101       0.95      0.96      0.95        55
         102       0.98      0.90      0.94        59
         103       0.79      0.75      0.77        44
         104       0.97      1.00      0.98        60
         105       0.89      0.98      0.93        41
         106       0.92      0.94      0.93        36

    accuracy                           0.88      5462
   macro avg       0.88      0.88      0.88      5462
weighted avg       0.88      0.88      0.88      5462
